
Question 1;

[22,27,16,2,18,6] 
[22,16,27,2,18,6]
[16,22,27,2,18,6]
[16,22,2,27,18,6]
[16,2,22,27,18,6]
[2,16,22,27,18,6]
[2,16,22,18,27,6]
[2,16,18,22,27,6]
[2,16,18,22,6,27]
[2,16,18,6,22,27]
[2,16,6,18,22,27]
[2,6,16,18,22,27]


Question 2;
O(n^2)

Question 3;
Avarage case: O(n^2)
Worst case:O(n^2)
best case: O(n)

Question 4;
 Worst case.

Question 5;
[7,3,5,8,2,9,4,15,6] dizisinin Insertion Sort'a göre ilk 4 adımını yazınız.

[3,7,5,8,2,9,4,15,6]
[3,5,7,8,2,9,4,15,6]
[3,5,7,2,8,9,4,15,6]
[3,5,2,7,8,9,4,15,6]